0.000000000000000000e+00 -1.012006600000000049e+03
1.188200499999999930e-02 -1.012005999999999972e+03
3.683939800000000236e-02 -1.011979699999999980e+03
6.720849499999999310e-02 -1.011897600000000011e+03
9.831231399999999787e-02 -1.011762200000000007e+03
1.289751399999999881e-01 -1.011550299999999993e+03
1.622486099999999876e-01 -1.011418099999999981e+03
2.098132600000000014e-01 -1.011134599999999978e+03
2.837538900000000086e-01 -1.010809899999999971e+03
3.921777900000000261e-01 -1.011211999999999989e+03
5.763808200000000159e-01 -1.011203899999999976e+03
6.758475299999999741e-01 -1.009215900000000033e+03
7.755827899999999664e-01 -1.010829600000000028e+03
8.313498799999999855e-01 -1.011482200000000034e+03
8.744809099999999447e-01 -1.011841099999999983e+03
9.073940299999999626e-01 -1.012069299999999998e+03
9.345004099999999481e-01 -1.012227399999999989e+03
9.564356600000000208e-01 -1.012305700000000002e+03
9.766415400000000302e-01 -1.012347399999999993e+03
1.000000000000000000e+00 -1.012356499999999983e+03
